Les 20 variables les plus discriminantes :
680.07 : 0.022255532241553168
693.65 : 0.020965080901097045
699.09 : 0.02090325537037073
677.36 : 0.017536663122307596
688.22 : 0.01644043993703079
620.61 : 0.016402771108538383
626.0 : 0.016398563897577503
639.48 : 0.015907171521087164
685.5 : 0.015633146995902195
655.69 : 0.015378116754257798
636.78 : 0.01455190189246996
682.79 : 0.01452174439347766
674.65 : 0.014341515654522453
650.29 : 0.013853429889793583
696.37 : 0.013013380904948852
701.81 : 0.012580357503329764
489.77 : 0.012282115911053139
652.99 : 0.0122104278063796
803.1 : 0.012030822244427643
617.92 : 0.011810673484187352

Wavelengths: [680.07, 693.65, 699.09, 677.36, 688.22, 620.61, 626.0, 639.48, 685.5, 655.69, 636.78, 682.79, 674.65, 650.29, 696.37, 701.81, 489.77, 652.99, 803.1, 617.92]
Values: [0.022255532241553168, 0.020965080901097045, 0.02090325537037073, 0.017536663122307596, 0.01644043993703079, 0.016402771108538383, 0.016398563897577503, 0.015907171521087164, 0.015633146995902195, 0.015378116754257798, 0.01455190189246996, 0.01452174439347766, 0.014341515654522453, 0.013853429889793583, 0.013013380904948852, 0.012580357503329764, 0.012282115911053139, 0.0122104278063796, 0.012030822244427643, 0.011810673484187352]